name: premierLeaguePythonBot
channels:
  - conda-forge
  - defaults
dependencies:
  - apscheduler=3.6.3=py39hcbf5309_3
  - beautifulsoup4=4.11.1=pyha770c72_0
  - brotlipy=0.7.0=py39hb82d6ee_1004
  - bzip2=1.0.8=h8ffe710_4
  - ca-certificates=2022.6.15=h5b45459_0
  - cachetools=4.2.2=pyhd8ed1ab_0
  - certifi=2022.6.15=py39hcbf5309_0
  - cffi=1.15.1=py39h0878f49_0
  - charset-normalizer=2.1.0=pyhd8ed1ab_0
  - click=8.1.3=py39hcbf5309_0
  - colorama=0.4.5=pyhd8ed1ab_0
  - cryptography=37.0.1=py39h21b164f_0
  - flask=2.2.1=pyhd8ed1ab_0
  - idna=3.3=pyhd8ed1ab_0
  - importlib_metadata=4.11.4=hd8ed1ab_0
  - itsdangerous=2.1.2=pyhd8ed1ab_0
  - jinja2=3.1.2=pyhd8ed1ab_1
  - jsonpickle=2.2.0=pyhd8ed1ab_0
  - libffi=3.4.2=h8ffe710_5
  - libiconv=1.16=he774522_0
  - libxml2=2.9.14=hf5bbc77_3
  - libxslt=1.1.35=h34f844d_0
  - libzlib=1.2.12=h8ffe710_2
  - lxml=4.9.1=py39hb82d6ee_0
  - markupsafe=2.1.1=py39hb82d6ee_1
  - openssl=3.0.5=h8ffe710_1
  - pip=22.2.2=pyhd8ed1ab_0
  - pycparser=2.21=pyhd8ed1ab_0
  - pyopenssl=22.0.0=pyhd8ed1ab_0
  - pysocks=1.7.1=py39hcbf5309_5
  - python=3.9.13=hcf16a7b_0_cpython
  - python-telegram-bot=13.13=pyhd8ed1ab_0
  - python-tzdata=2022.1=pyhd8ed1ab_0
  - python_abi=3.9=2_cp39
  - pytz=2022.1=pyhd8ed1ab_0
  - pytz-deprecation-shim=0.1.0.post0=py39hcbf5309_2
  - requests=2.28.1=pyhd8ed1ab_0
  - setuptools=63.4.1=py39hcbf5309_0
  - six=1.16.0=pyh6c4a22f_0
  - soupsieve=2.3.2.post1=pyhd8ed1ab_0
  - sqlite=3.39.2=h8ffe710_0
  - tk=8.6.12=h8ffe710_0
  - tornado=6.2=py39hb82d6ee_0
  - tzdata=2022a=h191b570_0
  - tzlocal=4.2=py39hcbf5309_1
  - ucrt=10.0.20348.0=h57928b3_0
  - ujson=5.3.0=py39h415ef7b_0
  - urllib3=1.26.11=pyhd8ed1ab_0
  - vc=14.2=hb210afc_6
  - vs2015_runtime=14.29.30037=h902a5da_6
  - werkzeug=2.2.1=pyhd8ed1ab_0
  - wheel=0.37.1=pyhd8ed1ab_0
  - win_inet_pton=1.1.0=py39hcbf5309_4
  - xz=5.2.5=h62dcd97_1
  - zipp=3.8.1=pyhd8ed1ab_0
  - zlib=1.2.12=h8ffe710_2
  - pip:
    - aiohttp==3.8.1
    - aiosignal==1.2.0
    - appdirs==1.4.4
    - async-timeout==4.0.2
    - attrs==22.1.0
    - bs4==0.0.1
    - cssselect==1.1.0
    - fake-useragent==0.1.11
    - frozenlist==1.3.1
    - importlib-metadata==4.12.0
    - multidict==6.0.2
    - parse==1.19.0
    - pyee==8.2.2
    - pyppeteer==1.0.2
    - pyquery==1.4.3
    - requests-html==0.10.0
    - telepot==12.7
    - tqdm==4.64.0
    - w3lib==1.22.0
    - websockets==10.3
    - yarl==1.8.1
prefix: C:\miniconda3\envs\premierLeaguePythonBot
